Webots Project File version R2025a
perspectives: 000000ff00000000fd00000003000000000000000000000000fc0100000001fb0000001a0044006f00630075006d0065006e0074006100740069006f006e0000000000ffffffff00000000000000000000000100000242000003b6fc0200000001fb0000001400540065007800740045006400690074006f00720000000017000003b60000003f00ffffff000000030000066600000049fc0100000003fb0000000e0043006f006e0073006f006c00650100000000000005f90000000000000000fb0000001a0043006f006e0073006f006c00650041006c006c0041006c006c0100000000000006660000006900fffffffb0000001a0043006f006e0073006f006c00650041006c006c0041006c006c0100000000000007800000000000000000000006660000036b00000001000000020000000100000008fc00000000
simulationViewPerspectives: 000000ff000000010000000200000158000005360100000002010000000101
sceneTreePerspectives: 000000ff00000001000000030000001e000000c0000000fa0100000002010000000201
minimizedPerspectives: 000000ff00000000fd00000003000000000000000000000000fc0100000001fb0000001a0044006f00630075006d0065006e0074006100740069006f006e0000000000ffffffff00000000000000000000000100000242000002cbfc0200000001fb0000001400540065007800740045006400690074006f00720000000015000002cb0000003f00ffffff000000030000069000000039fc0100000002fb0000000e0043006f006e0073006f006c00650100000000000005f90000000000000000fb0000001a0043006f006e0073006f006c00650041006c006c0041006c006c0100000000000006900000006900ffffff000006900000036e00000001000000020000000100000008fc00000000
maximizedDockId: -1
centralWidgetVisible: 1
orthographicViewHeight: 1
textFiles: -1
globalOptionalRendering: CameraFrustums
consoles: Console:All:All
renderingDevicePerspectives: scout:camera;0;3.27083;0.233231;0.498159
renderingDevicePerspectives: scout:map_display;0;1;0;0
